h: 21 1514409127177 00000e53c593489a45b8b3123c3ee10bf2cd6cdb7495f4058e45546e7735e1be 5 2 3d91c0a34617696dd495c47c65046407f471f3d27416b2624f55028f387393ab
from: 8TUZUuFuTisKv5oQ9jSLDDsGm9pCbyDrYEMcMr2Kia29 0.50000000
to: EtvmzPdyfZvXnr1QEtKgMN4hhaviZ54V7FynAUsm9o9Z 0.50000000
sig: MIIBIjANBgkqhkiG9w0BAQEFAAOCAQ8AMIIBCgKCAQEAmgL5YKgdRuun+gckplhBS6mkJd9Kmlbk2b6qCfm9SBrtJu8M0H7GQhrU9br9kLo6B7z3gbj/is9gxOnXBFSMVffzCRLcQldB/7iyUKMJ+0gegdmEdWa3hXFhpJtY7H/qfUix/7/eb+YY84jZTPRPqHLpUXK9OlULokpivnOA63H1xetVPB2Ybnv+HnV4yXhC7yH4u47LVL5H6wyGOxm0V0K9R8lFODao69zGPnSIS7mpogBl4HXAGyvbJspeNW/2+OefeCwl/9zJZNQnC6zvWQof8+3MKDjIjWziAnJka28MMibpMCDFdNNh0Xbz1eS/oNLhlP3+hwcs9mqqCcnXvwIDAQAB Z3PbJ/11QKqKIgQJZmESIUXSc5Wf8X4qY5v/sFD9ghiyha8upI74+lpAqy6Iny59R9xxf6Tw5OpbLe/WebOPsZD+zfuixaTHsnzo3vtAx3/6D30Qjckp+Lwe6VSl+HEz9lJjSuyMQ74nJUcVmWWKwaaNm92WmDbeRN4TU4BmwfAnlda2iSQMxqAyJpBk0vRHap3F07/lnIuZDPXT0L/e9ADSO0HQblE+NSqnw78dkbhzPtnGdyYwxbLgyXqELu/4piGNJEO78AhNkZoApOHd6T8l5eJjKFcjwTO9ludWppgYaa3t0hwqn7WtALOy+SF2m4TKDDc8u/7QQDlTQ18hww==
mint_to: 8TUZUuFuTisKv5oQ9jSLDDsGm9pCbyDrYEMcMr2Kia29 1.00000000
sol_hash: 000003482ef4bbadb99b02fd75d940857767dfb343473a28cb824cb77e3b7b9c
sol_nonce: 1859701
